image_width: 1280
image_height: 720
camera_name: narrow_stereo
camera_matrix:
  rows: 3
  cols: 3
  data: [717.630283, 0.000000, 584.528202, 0.000000, 708.664298, 383.404767, 0.000000, 0.000000, 1.000000]
distortion_model: plumb_bob
distortion_coefficients:
  rows: 1
  cols: 5
  data: [-0.137652, 0.021363, -0.001931, 0.003871, 0.000000]
rectification_matrix:
  rows: 3
  cols: 3
  data: [1.000000, 0.000000, 0.000000, 0.000000, 1.000000, 0.000000, 0.000000, 0.000000, 1.000000]
projection_matrix:
  rows: 3
  cols: 4
  data: [658.926766, 0.000000, 603.816724, 0.000000, 0.000000, 682.834773, 384.038644, 0.000000, 0.000000, 0.000000, 1.000000, 0.000000]