image_width: 640
image_height: 480
camera_name: narrow_stereo
camera_matrix:
  rows: 3
  cols: 3
  data: [652.966421, 0.000000, 314.723734, 0.000000, 651.508947, 241.537153, 0.000000, 0.000000, 1.000000]
distortion_model: plumb_bob
distortion_coefficients:
  rows: 1
  cols: 5
  data: [-0.239092, 0.376309, -0.001249, -0.004496, 0.000000]
rectification_matrix:
  rows: 3
  cols: 3
  data: [1.000000, 0.000000, 0.000000, 0.000000, 1.000000, 0.000000, 0.000000, 0.000000, 1.000000]
projection_matrix:
  rows: 3
  cols: 4
  data: [630.465585, 0.000000, 312.305529, 0.000000, 0.000000, 634.240996, 241.256689, 0.000000, 0.000000, 0.000000, 1.000000, 0.000000]
