image_width: 1280
image_height: 720
camera_name: narrow_stereo
camera_matrix:
  rows: 3
  cols: 3
  data: [999.210165, 0.000000, 650.599914, 0.000000, 1012.414519, 320.131684, 0.000000, 0.000000, 1.000000]
distortion_model: plumb_bob
distortion_coefficients:
  rows: 1
  cols: 5
  data: [-0.065700, 0.301719, -0.033891, 0.001423, -0.300253]
rectification_matrix:
  rows: 3
  cols: 3
  data: [1.000000, 0.000000, 0.000000, 0.000000, 1.000000, 0.000000, 0.000000, 0.000000, 1.000000]
projection_matrix:
  rows: 3
  cols: 4
  data: [999.210165, 0.000000, 650.599914, 0.000000, 0.000000, 1012.414519, 320.131684, 0.000000, 0.000000, 0.000000, 1.000000, 0.000000]
rotation_vectors:
  rows: 10
  cols: 3
  data: [-0.449117, 0.233683, 0.006780, -0.402684, 0.075334, -0.053968, -0.415325, -0.112268, -0.070013, -0.438510, 0.050027, -0.049922, 
         -0.408621, -0.096078, -0.034963, -0.497851, 0.042025, -0.152764, -0.477250, 0.013028, -0.068440, -0.498143, -0.037107, -0.232087, 
         -0.418946, 0.021980, -0.013335, -0.402129, -0.190939, 0.089418]
translation_vectors:
  rows: 10
  cols: 3
  data: [0.073657, -0.037396, 0.403508, -0.203933, 0.030940, 0.393993, -0.131811, -0.049927, 0.249145, -0.082129, 0.022721, 0.387219, 
         0.060037, 0.032895, 0.389699, -0.055640, -0.068696, 0.358130, -0.199690, -0.074210, 0.397991, -0.070169, -0.053945, 0.368097, 
         -0.185937, -0.035378, 0.343206, -0.007479, -0.024909, 0.243958]
