camera_matrix:
- - 999.210164999805
  - 0.0
  - 650.599913608199
- - 0.0
  - 1012.414519042837
  - 320.13168449056445
- - 0.0
  - 0.0
  - 1.0
dist_coeffs:
- - -0.06570041885052359
  - 0.3017190901513296
  - -0.033891075398720875
  - 0.0014230425829224193
  - -0.30025267980790143
rotation_vectors:
- - - -0.4491172588937976
  - - 0.2336827680262321
  - - 0.006780340879036817
- - - -0.4026836711927382
  - - 0.0753335118646733
  - - -0.05396760736746447
- - - -0.41532515492255523
  - - -0.11226843088680483
  - - -0.07001278294452774
- - - -0.43850957848852706
  - - 0.05002689006377186
  - - -0.049921908734432016
- - - -0.40862105196767795
  - - -0.09607800133374753
  - - -0.03496268094196266
- - - -0.4978507141888923
  - - 0.04202453237692881
  - - -0.1527643154046171
- - - -0.47724998230578747
  - - 0.013027829591197429
  - - -0.06844004187713354
- - - -0.4981431174561001
  - - -0.03710692983232226
  - - -0.2320872286514116
- - - -0.4189457592843559
  - - 0.021979904337727056
  - - -0.013334752887831307
- - - -0.4021292842614085
  - - -0.19093888401067627
  - - 0.08941757211765423
translation_vectors:
- - - 0.07365742968160899
  - - -0.03739588284068584
  - - 0.403507838493395
- - - -0.20393317101571945
  - - 0.03094017638532469
  - - 0.39399287023068075
- - - -0.13181089403779167
  - - -0.049927169035783606
  - - 0.24914499164933035
- - - -0.08212883554524204
  - - 0.02272064568275375
  - - 0.38721913956419346
- - - 0.060037216380510294
  - - 0.03289470466349118
  - - 0.3896994172316729
- - - -0.055639547157975436
  - - -0.06869570185459127
  - - 0.358129949750247
- - - -0.19968968894589562
  - - -0.0742100315765532
  - - 0.3979914670182801
- - - -0.070169162432592
  - - -0.05394538464012283
  - - 0.36809708635666194
- - - -0.1859373723227589
  - - -0.03537754622697777
  - - 0.34320615927440284
- - - -0.007478716212196003
  - - -0.024909000859569576
  - - 0.24395837097939405
