# oST version 5.0 parameters


[image]

width
960

height
720

[narrow_stereo]

camera matrix
717.630283 0.000000 584.528202
0.000000 708.664298 383.404767
0.000000 0.000000 1.000000

distortion
-0.137652 0.021363 -0.001931 0.003871 0.000000

rectification
1.000000 0.000000 0.000000
0.000000 1.000000 0.000000
0.000000 0.000000 1.000000

projection
658.926766 0.000000 603.816724 0.000000
0.000000 682.834773 384.038644 0.000000
0.000000 0.000000 1.000000 0.000000

